-62.4375
-62.53125
-62.9375
-63.03125
-64.4375
-64.4375
-63.9375
-65.4375
-65.03125
-64.90625
-65.5
-65.5
-66.90625
-66.90625
-67.46875
-68.46875
-68.875
-70.375
-72.375
-75.375
-76.375
-79.375
-87.96875
-83.46875
-82.84375
-82.34375
-75.84375
-74.34375
-73.9375
-74.84375
-73.9375
-74.4375
-74.84375
-73.84375
-72.34375
-71.4375
-71.34375
-71.3125
-70.8125
-70.90625
-70.3125
-70.40625
-71.3125
-71.3125
-69.90625
-69.8125
-69.3125
-68.40625
-69.3125
-66.8125
-66.8125
-66.8125
-65.78125
-67.78125
-67.78125
-65.28125
-64.28125
-63.28125
-62.78125
-62.28125